11110110000000000000000000000000
11110110000110011001100110011010
11110110001100110011001100110011
11110110010011001100110011001101
11110110011001100110011001100110
11110110100000000000000000000000
11110110100110011001100110011010
11110110101100110011001100110011
11110110110011001100110011001101
11110110111001100110011001100110
11110111000000000000000000000000
11110111000110011001100110011010
11110111001100110011001100110011
11110111010011001100110011001101
11110111011001100110011001100110
11110111100000000000000000000000
11110111100110011001100110011010
11110111101100110011001100110011
11110111110011001100110011001101
11110111111001100110011001100110
11111000000000000000000000000000
11111000000110011001100110011010
11111000001100110011001100110011
11111000010011001100110011001101
11111000011001100110011001100110
11111000100000000000000000000000
11111000100110011001100110011010
11111000101100110011001100110011
11111000110011001100110011001101
11111000111001100110011001100110
11111001000000000000000000000000
11111001000110011001100110011010
11111001001100110011001100110011
11111001010011001100110011001101
11111001011001100110011001100110
11111001100000000000000000000000
11111001100110011001100110011010
11111001101100110011001100110011
11111001110011001100110011001101
11111001111001100110011001100110
11111010000000000000000000000000
11111010000110011001100110011010
11111010001100110011001100110011
11111010010011001100110011001101
11111010011001100110011001100110
11111010100000000000000000000000
11111010100110011001100110011010
11111010101100110011001100110011
11111010110011001100110011001101
11111010111001100110011001100110
11111011000000000000000000000000
11111011000110011001100110011010
11111011001100110011001100110011
11111011010011001100110011001101
11111011011001100110011001100110
11111011100000000000000000000000
11111011100110011001100110011010
11111011101100110011001100110011
11111011110011001100110011001101
11111011111001100110011001100110
11111100000000000000000000000000
11111100000110011001100110011010
11111100001100110011001100110011
11111100010011001100110011001101
11111100011001100110011001100110
11111100100000000000000000000000
11111100100110011001100110011010
11111100101100110011001100110011
11111100110011001100110011001101
11111100111001100110011001100110
11111101000000000000000000000000
11111101000110011001100110011010
11111101001100110011001100110011
11111101010011001100110011001101
11111101011001100110011001100110
11111101100000000000000000000000
11111101100110011001100110011010
11111101101100110011001100110011
11111101110011001100110011001101
11111101111001100110011001100110
11111110000000000000000000000000
11111110000110011001100110011010
11111110001100110011001100110011
11111110010011001100110011001101
11111110011001100110011001100110
11111110100000000000000000000000
11111110100110011001100110011010
11111110101100110011001100110011
11111110110011001100110011001101
11111110111001100110011001100110
11111111000000000000000000000000
11111111000110011001100110011010
11111111001100110011001100110011
11111111010011001100110011001101
11111111011001100110011001100110
11111111100000000000000000000000
11111111100110011001100110011010
11111111101100110011001100110011
11111111110011001100110011001101
11111111111001100110011001100110
00000000000000000000000000000000
00000000000110011001100110011010
00000000001100110011001100110011
00000000010011001100110011001101
00000000011001100110011001100110
00000000100000000000000000000000
00000000100110011001100110011010
00000000101100110011001100110011
00000000110011001100110011001101
00000000111001100110011001100110
00000001000000000000000000000000
00000001000110011001100110011010
00000001001100110011001100110011
00000001010011001100110011001101
00000001011001100110011001100110
00000001100000000000000000000000
00000001100110011001100110011010
00000001101100110011001100110011
00000001110011001100110011001101
00000001111001100110011001100110
00000010000000000000000000000000
00000010000110011001100110011010
00000010001100110011001100110011
00000010010011001100110011001101
00000010011001100110011001100110
00000010100000000000000000000000
00000010100110011001100110011010
00000010101100110011001100110011
00000010110011001100110011001101
00000010111001100110011001100110
00000011000000000000000000000000
00000011000110011001100110011010
00000011001100110011001100110011
00000011010011001100110011001101
00000011011001100110011001100110
00000011100000000000000000000000
00000011100110011001100110011010
00000011101100110011001100110011
00000011110011001100110011001101
00000011111001100110011001100110
00000100000000000000000000000000
00000100000110011001100110011010
00000100001100110011001100110011
00000100010011001100110011001101
00000100011001100110011001100110
00000100100000000000000000000000
00000100100110011001100110011010
00000100101100110011001100110011
00000100110011001100110011001101
00000100111001100110011001100110
00000101000000000000000000000000
00000101000110011001100110011010
00000101001100110011001100110011
00000101010011001100110011001101
00000101011001100110011001100110
00000101100000000000000000000000
00000101100110011001100110011010
00000101101100110011001100110011
00000101110011001100110011001101
00000101111001100110011001100110
00000110000000000000000000000000
00000110000110011001100110011010
00000110001100110011001100110011
00000110010011001100110011001101
00000110011001100110011001100110
00000110100000000000000000000000
00000110100110011001100110011010
00000110101100110011001100110011
00000110110011001100110011001101
00000110111001100110011001100110
00000111000000000000000000000000
00000111000110011001100110011010
00000111001100110011001100110011
00000111010011001100110011001101
00000111011001100110011001100110
00000111100000000000000000000000
00000111100110011001100110011010
00000111101100110011001100110011
00000111110011001100110011001101
00000111111001100110011001100110
00001000000000000000000000000000
00001000000110011001100110011010
00001000001100110011001100110011
00001000010011001100110011001101
00001000011001100110011001100110
00001000100000000000000000000000
00001000100110011001100110011010
00001000101100110011001100110011
00001000110011001100110011001101
00001000111001100110011001100110
00001001000000000000000000000000
00001001000110011001100110011010
00001001001100110011001100110011
00001001010011001100110011001101
00001001011001100110011001100110
00001001100000000000000000000000
00001001100110011001100110011010
00001001101100110011001100110011
00001001110011001100110011001101
00001001111001100110011001100110
00001010000000000000000000000000
