11111111000000000000000000010001
11111111000000000000000000010001
11111111000000000000000000010001
11111111000000000000000000010001
11111111000000000000000000010001
11111111000000000000000000010001
11111111000000000000000000010001
11111111000000000000000000010001
11111111000000000000000000010001
11111111000000000000000000010001
11111111000000000000000000010001
11111111000000000000000000010001
11111111000000000000000000010001
11111111000000000000000000010001
11111111000000000000000000010001
11111111000000000000000000010001
11111111000000000000000000010001
11111111000000000000000000010001
11111111000000000000000000010001
11111111000000000000000000010001
11111111000000000000000000010001
11111111000000000000000000010001
11111111000000000000000000010001
11111111000000000000000000010001
11111111000000000000000000010001
11111111000000000000000000010001
11111111000000000000000000010001
11111111000000000000000000010001
11111111000000000000000000010011
11111111000000000000000000010111
11111111000000000000000000011011
11111111000000000000000000100001
11111111000000000000000000101001
11111111000000000000000000110011
11111111000000000000000000111101
11111111000000000000000001001011
11111111000000000000000001011101
11111111000000000000000001101111
11111111000000000000000010001001
11111111000000000000000010100111
11111111000000000000000011001111
11111111000000000000000011111011
11111111000000000000000100110001
11111111000000000000000101110101
11111111000000000000000111001001
11111111000000000000001000101101
11111111000000000000001010101011
11111111000000000000001101000100
11111111000000000000001111111101
11111111000000000000010011100001
11111111000000000000010111110010
11111111000000000000011101000001
11111111000000000000100011011001
11111111000000000000101011010011
11111111000000000000110100111000
11111111000000000001000000100110
11111111000000000001001111000000
11111111000000000001100000010110
11111111000000000001110101110001
11111111000000000010001111110001
11111111000000000010101111110110
11111111000000000011010110101010
11111111000000000100000110001010
11111111000000000101000000010001
11111111000000000110000111000001
11111111000000000111011101101000
11111111000000001001000111000000
11111111000000001011001000000001
11111111000000001101100110000000
11111111000000010000100101101100
11111111000000010100010000000001
11111111000000011000101110101000
11111111000000011110001010111111
11111111000000100100110100110000
11111111000000101100111100010000
11111111000000110110110100111000
11111111000001000010110110100000
11111111000001010001100001000000
11111111000001100011010111110000
11111111000001111001000000010000
11111111000010010011010101100000
11111111000010110011001111010000
11111111000011011001111000100000
11111111000100001000100100100000
11111111000101000000110111111111
11111111000110000100011110000001
11111111000111010101100100100000
11111111001000110110010100100000
11111111001010101001100000000000
11111111001100110001000111111111
11111111001111010000100001100000
11111111010010001010000110000000
11111111010101100000001011111111
11111111011001010100110000000001
11111111011101101000100010000000
11111111100010011010110100000000
11111111100111101011110011111111
11111111101101010111001110000000
11111111110011010111001100000000
11111111111001100111110111111111
00000000000000000000000000000000
00000000000110011000001000000000
00000000001100101000110011000000
00000000010010101000110010000000
00000000011000010100001100000000
00000000011101100101001100000000
00000000100010010111011100000001
00000000100110101011001111111111
00000000101010011111110101000000
00000000101101110101111010000000
00000000110000101111011110000000
00000000110011001110111000100000
00000000110101010110100000000001
00000000110111001001101011000000
00000000111000101010011011111111
00000000111001111011100010000000
00000000111010111111001000000001
00000000111011110111011011010000
00000000111100100110001000000000
00000000111101001100110000110000
00000000111101101100101011010000
00000000111110000111000000010000
00000000111110011100101001000001
00000000111110101110011111000001
00000000111110111101001000111000
00000000111111001001001011100000
00000000111111010011000100000000
00000000111111011011001011100000
00000000111111100001110100110000
00000000111111100111010001001000
00000000111111101011101111111000
00000000111111101111011010010000
00000000111111110010011010000100
00000000111111110100110111111111
00000000111111110110111001000001
00000000111111111000100010011000
00000000111111111001111000111100
00000000111111111010111111111111
00000000111111111011111001110110
00000000111111111100101001010010
00000000111111111101010000010001
00000000111111111101110000001110
00000000111111111110001010001100
00000000111111111110011111101010
00000000111111111110110001000010
00000000111111111110111111011001
00000000111111111111001011000011
00000000111111111111010100101100
00000000111111111111011100100110
00000000111111111111100010111110
00000000111111111111101000001111
00000000111111111111101100100100
00000000111111111111110000000100
00000000111111111111110010111101
00000000111111111111110101010101
00000000111111111111110111010001
00000000111111111111111000110111
00000000111111111111111010001001
00000000111111111111111011001111
00000000111111111111111100000101
00000000111111111111111100110011
00000000111111111111111101011001
00000000111111111111111101110111
00000000111111111111111110001111
00000000111111111111111110100101
00000000111111111111111110110101
00000000111111111111111111000011
00000000111111111111111111001101
00000000111111111111111111010111
00000000111111111111111111011111
00000000111111111111111111100101
00000000111111111111111111101001
00000000111111111111111111101101
00000000111111111111111111101111
00000000111111111111111111101111
00000000111111111111111111101111
00000000111111111111111111101111
00000000111111111111111111101111
00000000111111111111111111101111
00000000111111111111111111101111
00000000111111111111111111101111
00000000111111111111111111101111
00000000111111111111111111101111
00000000111111111111111111101111
00000000111111111111111111101111
00000000111111111111111111101111
00000000111111111111111111101111
00000000111111111111111111101111
00000000111111111111111111101111
00000000111111111111111111101111
00000000111111111111111111101111
00000000111111111111111111101111
00000000111111111111111111101111
00000000111111111111111111101111
00000000111111111111111111101111
00000000111111111111111111101111
00000000111111111111111111101111
00000000111111111111111111101111
00000000111111111111111111101111
00000000111111111111111111101111
00000000111111111111111111101111
